23
6
464
1068
1151
1203
553
438
423
441
405
381
412
390
479
472
417
272
301
304
327
357
353
360
443
364
366
367
358
363
363
373
366
370
373
367
351
367
340
410
344
396
386
380
375
365
413
373
362
385
339
378
350
372
349
389
509
378
361
370
370
357
436
338
319
368
378
545
522
441
272
311
298
395
487
312
303
356
385
334
372
365
479
362
360
343
367
361
343
365
386
363
338
382
440
367
378
356
347
378
316
392
366
364
392
381
362
375
368
362
417
400
361
339
356
362
408
416
366
385
348
362
365
362
372
396
390
356
338
375
342
386
369
372
359
374
377
366
421
366
371
379
370
405
400
351
369
374
362
340
371
361
362
354
470
385
394
385
362
368
378
373
374
354
351
323
363
350
530
510
493
304
325
352
337
355
348
376
447
340
310
427
378
374
380
344
371
340
341
362
359
477
296
317
462
453
449
283
291
319
333
345
328
386
373
360
389
352
360
364
388
374
390
378
382
378
367
370
364
387
365
356
384
352
355
428
379
360
377
366
360
365
416
414
391
407
311
363
391
353
320
363
377
397
373
366
364
364
391
405
320
509
344
336
357
348
386
360
431
392
347
366
360
370
364
364
338
362
363
523
361
339
360
309
552
505
467
274
323
318
326
393
307
442
370
354
354
368
362
384
373
386
492
307
322
361
359
368
411
375
367
376
402
362
365
371
302
386
391
358
382
324
390
398
386
367
335
443
365
366
340
415
361
365
467
364
455
356
