114018
49245
53975
9754
6421
32727
34340
28699
29735
22117
18298
79718
7388
27601
20982
20245
19104
17396
18103
16988
15433
16574
16958
36416
18959
17611
14790
14244
13924
15135
14488
14573
13674
14190
13003
39143
12671
18633
15221
13874
12242
12502
11393
12114
11483
11586
11690
37677
12191
18870
15626
11615
10245
10280
9669
10466
10402
10881
10460
32456
10884
16357
13563
13621
12733
12563
11868
11934
11036
10438
9611
30435
10097
14722
12758
11194
9721
10219
9912
10744
9743
10062
9147
8652
26604
11434
9712
9936
9657
10076
9639
9634
9027
9257
8980
32090
10743
10833
8560
8499
6843
7540
7499
7680
7321
8316
8715
28096
13125
12909
11347
11375
11651
12592
12202
11632
12232
12372
12611
27057
14775
18252
16257
14201
13841
13966
14629
14262
13630
14088
13305
12287
31815
20420
17284
15535
14426
14764
12952
13245
13410
14685
13118
31481
13859
21697
17522
16420
15742
13903
13499
14252
13516
13395
13568
33812
13376
30497
25020
19039
16378
16349
17120
16713
16150
15817
14677
37976
14257
31209
28437
25249
23518
22639
21057
20607
21855
20285
18469
44998
19514
35312
29415
27800
25314
23905
21384
19999
18966
18670
18289
48157
17903
28405
25895
22981
21928
20929
19246
20553
19933
19327
17442
82093
13439
21888
18487
15676
18266
15527
16165
12836
12947
13320
11190
81069
9488
27936
14400
15325
13554
13822
13388
12993
11742
12834
11022
